       1       1    2.500000000000000E-01    2.500000000000000E-01
       1       2    1.714285714285709E-01    1.734826860053803E-01
       1       3    1.714285714285709E-01    1.741647332190173E-01
       1       4    1.714285714285709E-01    1.752899947309229E-01
       1       5    1.714285714285709E-01    1.741647332190173E-01
       1       6    1.714285714285709E-01    1.734826860053803E-01
       1       7    1.714285714285709E-01    1.734826860053807E-01
       1       8    1.714285714285709E-01    1.718470139251342E-01
       1       9    1.714285714285709E-01    1.714194154709472E-01
       1      10    1.714285714285709E-01    1.720730664788907E-01
       1      11    1.714285714285709E-01    1.714194154709472E-01
       1      12    1.714285714285709E-01    1.718470139251341E-01
       1      13    1.714285714285709E-01    1.741647332190179E-01
       1      14    1.714285714285709E-01    1.714194154709475E-01
       1      15    1.714285714285709E-01    1.684144732434230E-01
       1      16    1.714285714285709E-01    1.678593868495264E-01
       1      17    1.714285714285709E-01    1.684144732434231E-01
       1      18    1.714285714285709E-01    1.714194154709475E-01
       1      19    1.714285714285709E-01    1.752899947309235E-01
       1      20    1.714285714285709E-01    1.720730664788910E-01
       1      21    1.714285714285709E-01    1.678593868495263E-01
       1      22    1.714285714285709E-01    1.666992478851117E-01
       1      23    1.714285714285709E-01    1.678593868495263E-01
       1      24    1.714285714285709E-01    1.720730664788910E-01
       1      25    1.714285714285709E-01    1.741647332190179E-01
       1      26    1.714285714285709E-01    1.714194154709475E-01
       1      27    1.714285714285709E-01    1.684144732434231E-01
       1      28    1.714285714285709E-01    1.678593868495264E-01
       1      29    1.714285714285709E-01    1.684144732434231E-01
       1      30    1.714285714285709E-01    1.714194154709475E-01
       1      31    1.714285714285709E-01    1.734826860053807E-01
       1      32    1.714285714285709E-01    1.718470139251341E-01
       1      33    1.714285714285709E-01    1.714194154709471E-01
       1      34    1.714285714285709E-01    1.720730664788907E-01
       1      35    1.714285714285709E-01    1.714194154709472E-01
       1      36    1.714285714285709E-01    1.718470139251342E-01
       2       1    1.714285714285709E-01    1.734826860053803E-01
       2       2    2.500000000000000E-01    2.500000000000000E-01
       2       3    1.714285714285709E-01    1.734826860053803E-01
       2       4    1.714285714285709E-01    1.741647332190173E-01
       2       5    1.714285714285709E-01    1.752899947309229E-01
       2       6    1.714285714285709E-01    1.741647332190173E-01
       2       7    1.714285714285709E-01    1.718470139251341E-01
       2       8    1.714285714285709E-01    1.734826860053807E-01
       2       9    1.714285714285709E-01    1.718470139251342E-01
       2      10    1.714285714285709E-01    1.714194154709472E-01
       2      11    1.714285714285709E-01    1.720730664788907E-01
       2      12    1.714285714285709E-01    1.714194154709472E-01
       2      13    1.714285714285709E-01    1.714194154709475E-01
       2      14    1.714285714285709E-01    1.741647332190179E-01
       2      15    1.714285714285709E-01    1.714194154709475E-01
       2      16    1.714285714285709E-01    1.684144732434230E-01
       2      17    1.714285714285709E-01    1.678593868495264E-01
       2      18    1.714285714285709E-01    1.684144732434231E-01
       2      19    1.714285714285709E-01    1.720730664788910E-01
       2      20    1.714285714285709E-01    1.752899947309235E-01
       2      21    1.714285714285709E-01    1.720730664788910E-01
       2      22    1.714285714285709E-01    1.678593868495263E-01
       2      23    1.714285714285709E-01    1.666992478851117E-01
       2      24    1.714285714285709E-01    1.678593868495263E-01
       2      25    1.714285714285709E-01    1.714194154709475E-01
       2      26    1.714285714285709E-01    1.741647332190179E-01
       2      27    1.714285714285709E-01    1.714194154709475E-01
       2      28    1.714285714285709E-01    1.684144732434231E-01
       2      29    1.714285714285709E-01    1.678593868495264E-01
       2      30    1.714285714285709E-01    1.684144732434231E-01
       2      31    1.714285714285709E-01    1.718470139251342E-01
       2      32    1.714285714285709E-01    1.734826860053807E-01
       2      33    1.714285714285709E-01    1.718470139251341E-01
       2      34    1.714285714285709E-01    1.714194154709471E-01
       2      35    1.714285714285709E-01    1.720730664788907E-01
       2      36    1.714285714285709E-01    1.714194154709472E-01
       3       1    1.714285714285709E-01    1.741647332190173E-01
       3       2    1.714285714285709E-01    1.734826860053803E-01
       3       3    2.500000000000000E-01    2.500000000000000E-01
       3       4    1.714285714285709E-01    1.734826860053803E-01
       3       5    1.714285714285709E-01    1.741647332190173E-01
       3       6    1.714285714285709E-01    1.752899947309229E-01
       3       7    1.714285714285709E-01    1.714194154709472E-01
       3       8    1.714285714285709E-01    1.718470139251341E-01
       3       9    1.714285714285709E-01    1.734826860053807E-01
       3      10    1.714285714285709E-01    1.718470139251342E-01
       3      11    1.714285714285709E-01    1.714194154709472E-01
       3      12    1.714285714285709E-01    1.720730664788907E-01
       3      13    1.714285714285709E-01    1.684144732434231E-01
       3      14    1.714285714285709E-01    1.714194154709475E-01
       3      15    1.714285714285709E-01    1.741647332190179E-01
       3      16    1.714285714285709E-01    1.714194154709475E-01
       3      17    1.714285714285709E-01    1.684144732434230E-01
       3      18    1.714285714285709E-01    1.678593868495264E-01
       3      19    1.714285714285709E-01    1.678593868495263E-01
       3      20    1.714285714285709E-01    1.720730664788910E-01
       3      21    1.714285714285709E-01    1.752899947309235E-01
       3      22    1.714285714285709E-01    1.720730664788910E-01
       3      23    1.714285714285709E-01    1.678593868495263E-01
       3      24    1.714285714285709E-01    1.666992478851117E-01
       3      25    1.714285714285709E-01    1.684144732434231E-01
       3      26    1.714285714285709E-01    1.714194154709475E-01
       3      27    1.714285714285709E-01    1.741647332190179E-01
       3      28    1.714285714285709E-01    1.714194154709475E-01
       3      29    1.714285714285709E-01    1.684144732434231E-01
       3      30    1.714285714285709E-01    1.678593868495264E-01
       3      31    1.714285714285709E-01    1.714194154709472E-01
       3      32    1.714285714285709E-01    1.718470139251342E-01
       3      33    1.714285714285709E-01    1.734826860053807E-01
       3      34    1.714285714285709E-01    1.718470139251341E-01
       3      35    1.714285714285709E-01    1.714194154709471E-01
       3      36    1.714285714285709E-01    1.720730664788907E-01
       4       1    1.714285714285709E-01    1.752899947309229E-01
       4       2    1.714285714285709E-01    1.741647332190173E-01
       4       3    1.714285714285709E-01    1.734826860053803E-01
       4       4    2.500000000000000E-01    2.500000000000000E-01
       4       5    1.714285714285709E-01    1.734826860053803E-01
       4       6    1.714285714285709E-01    1.741647332190173E-01
       4       7    1.714285714285709E-01    1.720730664788907E-01
       4       8    1.714285714285709E-01    1.714194154709472E-01
       4       9    1.714285714285709E-01    1.718470139251341E-01
       4      10    1.714285714285709E-01    1.734826860053807E-01
       4      11    1.714285714285709E-01    1.718470139251342E-01
       4      12    1.714285714285709E-01    1.714194154709472E-01
       4      13    1.714285714285709E-01    1.678593868495264E-01
       4      14    1.714285714285709E-01    1.684144732434231E-01
       4      15    1.714285714285709E-01    1.714194154709475E-01
       4      16    1.714285714285709E-01    1.741647332190179E-01
       4      17    1.714285714285709E-01    1.714194154709475E-01
       4      18    1.714285714285709E-01    1.684144732434230E-01
       4      19    1.714285714285709E-01    1.666992478851117E-01
       4      20    1.714285714285709E-01    1.678593868495263E-01
       4      21    1.714285714285709E-01    1.720730664788910E-01
       4      22    1.714285714285709E-01    1.752899947309235E-01
       4      23    1.714285714285709E-01    1.720730664788910E-01
       4      24    1.714285714285709E-01    1.678593868495263E-01
       4      25    1.714285714285709E-01    1.678593868495264E-01
       4      26    1.714285714285709E-01    1.684144732434231E-01
       4      27    1.714285714285709E-01    1.714194154709475E-01
       4      28    1.714285714285709E-01    1.741647332190179E-01
       4      29    1.714285714285709E-01    1.714194154709475E-01
       4      30    1.714285714285709E-01    1.684144732434231E-01
       4      31    1.714285714285709E-01    1.720730664788907E-01
       4      32    1.714285714285709E-01    1.714194154709472E-01
       4      33    1.714285714285709E-01    1.718470139251342E-01
       4      34    1.714285714285709E-01    1.734826860053807E-01
       4      35    1.714285714285709E-01    1.718470139251341E-01
       4      36    1.714285714285709E-01    1.714194154709471E-01
       5       1    1.714285714285709E-01    1.741647332190173E-01
       5       2    1.714285714285709E-01    1.752899947309229E-01
       5       3    1.714285714285709E-01    1.741647332190173E-01
       5       4    1.714285714285709E-01    1.734826860053803E-01
       5       5    2.500000000000000E-01    2.500000000000000E-01
       5       6    1.714285714285709E-01    1.734826860053803E-01
       5       7    1.714285714285709E-01    1.714194154709472E-01
       5       8    1.714285714285709E-01    1.720730664788907E-01
       5       9    1.714285714285709E-01    1.714194154709472E-01
       5      10    1.714285714285709E-01    1.718470139251341E-01
       5      11    1.714285714285709E-01    1.734826860053807E-01
       5      12    1.714285714285709E-01    1.718470139251342E-01
       5      13    1.714285714285709E-01    1.684144732434230E-01
       5      14    1.714285714285709E-01    1.678593868495264E-01
       5      15    1.714285714285709E-01    1.684144732434231E-01
       5      16    1.714285714285709E-01    1.714194154709475E-01
       5      17    1.714285714285709E-01    1.741647332190179E-01
       5      18    1.714285714285709E-01    1.714194154709475E-01
       5      19    1.714285714285709E-01    1.678593868495263E-01
       5      20    1.714285714285709E-01    1.666992478851117E-01
       5      21    1.714285714285709E-01    1.678593868495263E-01
       5      22    1.714285714285709E-01    1.720730664788910E-01
       5      23    1.714285714285709E-01    1.752899947309235E-01
       5      24    1.714285714285709E-01    1.720730664788910E-01
       5      25    1.714285714285709E-01    1.684144732434231E-01
       5      26    1.714285714285709E-01    1.678593868495264E-01
       5      27    1.714285714285709E-01    1.684144732434231E-01
       5      28    1.714285714285709E-01    1.714194154709475E-01
       5      29    1.714285714285709E-01    1.741647332190179E-01
       5      30    1.714285714285709E-01    1.714194154709475E-01
       5      31    1.714285714285709E-01    1.714194154709471E-01
       5      32    1.714285714285709E-01    1.720730664788907E-01
       5      33    1.714285714285709E-01    1.714194154709472E-01
       5      34    1.714285714285709E-01    1.718470139251342E-01
       5      35    1.714285714285709E-01    1.734826860053807E-01
       5      36    1.714285714285709E-01    1.718470139251341E-01
       6       1    1.714285714285709E-01    1.734826860053803E-01
       6       2    1.714285714285709E-01    1.741647332190173E-01
       6       3    1.714285714285709E-01    1.752899947309229E-01
       6       4    1.714285714285709E-01    1.741647332190173E-01
       6       5    1.714285714285709E-01    1.734826860053803E-01
       6       6    2.500000000000000E-01    2.500000000000000E-01
       6       7    1.714285714285709E-01    1.718470139251342E-01
       6       8    1.714285714285709E-01    1.714194154709472E-01
       6       9    1.714285714285709E-01    1.720730664788907E-01
       6      10    1.714285714285709E-01    1.714194154709472E-01
       6      11    1.714285714285709E-01    1.718470139251341E-01
       6      12    1.714285714285709E-01    1.734826860053807E-01
       6      13    1.714285714285709E-01    1.714194154709475E-01
       6      14    1.714285714285709E-01    1.684144732434230E-01
       6      15    1.714285714285709E-01    1.678593868495264E-01
       6      16    1.714285714285709E-01    1.684144732434231E-01
       6      17    1.714285714285709E-01    1.714194154709475E-01
       6      18    1.714285714285709E-01    1.741647332190179E-01
       6      19    1.714285714285709E-01    1.720730664788910E-01
       6      20    1.714285714285709E-01    1.678593868495263E-01
       6      21    1.714285714285709E-01    1.666992478851117E-01
       6      22    1.714285714285709E-01    1.678593868495263E-01
       6      23    1.714285714285709E-01    1.720730664788910E-01
       6      24    1.714285714285709E-01    1.752899947309235E-01
       6      25    1.714285714285709E-01    1.714194154709475E-01
       6      26    1.714285714285709E-01    1.684144732434231E-01
       6      27    1.714285714285709E-01    1.678593868495264E-01
       6      28    1.714285714285709E-01    1.684144732434231E-01
       6      29    1.714285714285709E-01    1.714194154709475E-01
       6      30    1.714285714285709E-01    1.741647332190179E-01
       6      31    1.714285714285709E-01    1.718470139251341E-01
       6      32    1.714285714285709E-01    1.714194154709471E-01
       6      33    1.714285714285709E-01    1.720730664788907E-01
       6      34    1.714285714285709E-01    1.714194154709472E-01
       6      35    1.714285714285709E-01    1.718470139251342E-01
       6      36    1.714285714285709E-01    1.734826860053807E-01
       7       1    1.714285714285709E-01    1.734826860053807E-01
       7       2    1.714285714285709E-01    1.718470139251341E-01
       7       3    1.714285714285709E-01    1.714194154709471E-01
       7       4    1.714285714285709E-01    1.720730664788907E-01
       7       5    1.714285714285709E-01    1.714194154709472E-01
       7       6    1.714285714285709E-01    1.718470139251342E-01
       7       7    2.500000000000000E-01    2.500000000000000E-01
       7       8    1.714285714285709E-01    1.734826860053803E-01
       7       9    1.714285714285709E-01    1.741647332190173E-01
       7      10    1.714285714285709E-01    1.752899947309229E-01
       7      11    1.714285714285709E-01    1.741647332190173E-01
       7      12    1.714285714285709E-01    1.734826860053803E-01
       7      13    1.714285714285709E-01    1.734826860053807E-01
       7      14    1.714285714285709E-01    1.718470139251342E-01
       7      15    1.714285714285709E-01    1.714194154709472E-01
       7      16    1.714285714285709E-01    1.720730664788907E-01
       7      17    1.714285714285709E-01    1.714194154709472E-01
       7      18    1.714285714285709E-01    1.718470139251341E-01
       7      19    1.714285714285709E-01    1.741647332190179E-01
       7      20    1.714285714285709E-01    1.714194154709475E-01
       7      21    1.714285714285709E-01    1.684144732434230E-01
       7      22    1.714285714285709E-01    1.678593868495264E-01
       7      23    1.714285714285709E-01    1.684144732434231E-01
       7      24    1.714285714285709E-01    1.714194154709475E-01
       7      25    1.714285714285709E-01    1.752899947309235E-01
       7      26    1.714285714285709E-01    1.720730664788910E-01
       7      27    1.714285714285709E-01    1.678593868495263E-01
       7      28    1.714285714285709E-01    1.666992478851117E-01
       7      29    1.714285714285709E-01    1.678593868495263E-01
       7      30    1.714285714285709E-01    1.720730664788910E-01
       7      31    1.714285714285709E-01    1.741647332190179E-01
       7      32    1.714285714285709E-01    1.714194154709475E-01
       7      33    1.714285714285709E-01    1.684144732434231E-01
       7      34    1.714285714285709E-01    1.678593868495264E-01
       7      35    1.714285714285709E-01    1.684144732434231E-01
       7      36    1.714285714285709E-01    1.714194154709475E-01
       8       1    1.714285714285709E-01    1.718470139251342E-01
       8       2    1.714285714285709E-01    1.734826860053807E-01
       8       3    1.714285714285709E-01    1.718470139251341E-01
       8       4    1.714285714285709E-01    1.714194154709471E-01
       8       5    1.714285714285709E-01    1.720730664788907E-01
       8       6    1.714285714285709E-01    1.714194154709472E-01
       8       7    1.714285714285709E-01    1.734826860053803E-01
       8       8    2.500000000000000E-01    2.500000000000000E-01
       8       9    1.714285714285709E-01    1.734826860053803E-01
       8      10    1.714285714285709E-01    1.741647332190173E-01
       8      11    1.714285714285709E-01    1.752899947309229E-01
       8      12    1.714285714285709E-01    1.741647332190173E-01
       8      13    1.714285714285709E-01    1.718470139251341E-01
       8      14    1.714285714285709E-01    1.734826860053807E-01
       8      15    1.714285714285709E-01    1.718470139251342E-01
       8      16    1.714285714285709E-01    1.714194154709472E-01
       8      17    1.714285714285709E-01    1.720730664788907E-01
       8      18    1.714285714285709E-01    1.714194154709472E-01
       8      19    1.714285714285709E-01    1.714194154709475E-01
       8      20    1.714285714285709E-01    1.741647332190179E-01
       8      21    1.714285714285709E-01    1.714194154709475E-01
       8      22    1.714285714285709E-01    1.684144732434230E-01
       8      23    1.714285714285709E-01    1.678593868495264E-01
       8      24    1.714285714285709E-01    1.684144732434231E-01
       8      25    1.714285714285709E-01    1.720730664788910E-01
       8      26    1.714285714285709E-01    1.752899947309235E-01
       8      27    1.714285714285709E-01    1.720730664788910E-01
       8      28    1.714285714285709E-01    1.678593868495263E-01
       8      29    1.714285714285709E-01    1.666992478851117E-01
       8      30    1.714285714285709E-01    1.678593868495263E-01
       8      31    1.714285714285709E-01    1.714194154709475E-01
       8      32    1.714285714285709E-01    1.741647332190179E-01
       8      33    1.714285714285709E-01    1.714194154709475E-01
       8      34    1.714285714285709E-01    1.684144732434231E-01
       8      35    1.714285714285709E-01    1.678593868495264E-01
       8      36    1.714285714285709E-01    1.684144732434231E-01
       9       1    1.714285714285709E-01    1.714194154709472E-01
       9       2    1.714285714285709E-01    1.718470139251342E-01
       9       3    1.714285714285709E-01    1.734826860053807E-01
       9       4    1.714285714285709E-01    1.718470139251341E-01
       9       5    1.714285714285709E-01    1.714194154709471E-01
       9       6    1.714285714285709E-01    1.720730664788907E-01
       9       7    1.714285714285709E-01    1.741647332190173E-01
       9       8    1.714285714285709E-01    1.734826860053803E-01
       9       9    2.500000000000000E-01    2.500000000000000E-01
       9      10    1.714285714285709E-01    1.734826860053803E-01
       9      11    1.714285714285709E-01    1.741647332190173E-01
       9      12    1.714285714285709E-01    1.752899947309229E-01
       9      13    1.714285714285709E-01    1.714194154709472E-01
       9      14    1.714285714285709E-01    1.718470139251341E-01
       9      15    1.714285714285709E-01    1.734826860053807E-01
       9      16    1.714285714285709E-01    1.718470139251342E-01
       9      17    1.714285714285709E-01    1.714194154709472E-01
       9      18    1.714285714285709E-01    1.720730664788907E-01
       9      19    1.714285714285709E-01    1.684144732434231E-01
       9      20    1.714285714285709E-01    1.714194154709475E-01
       9      21    1.714285714285709E-01    1.741647332190179E-01
       9      22    1.714285714285709E-01    1.714194154709475E-01
       9      23    1.714285714285709E-01    1.684144732434230E-01
       9      24    1.714285714285709E-01    1.678593868495264E-01
       9      25    1.714285714285709E-01    1.678593868495263E-01
       9      26    1.714285714285709E-01    1.720730664788910E-01
       9      27    1.714285714285709E-01    1.752899947309235E-01
       9      28    1.714285714285709E-01    1.720730664788910E-01
       9      29    1.714285714285709E-01    1.678593868495263E-01
       9      30    1.714285714285709E-01    1.666992478851117E-01
       9      31    1.714285714285709E-01    1.684144732434231E-01
       9      32    1.714285714285709E-01    1.714194154709475E-01
       9      33    1.714285714285709E-01    1.741647332190179E-01
       9      34    1.714285714285709E-01    1.714194154709475E-01
       9      35    1.714285714285709E-01    1.684144732434231E-01
       9      36    1.714285714285709E-01    1.678593868495264E-01
      10       1    1.714285714285709E-01    1.720730664788907E-01
      10       2    1.714285714285709E-01    1.714194154709472E-01
      10       3    1.714285714285709E-01    1.718470139251342E-01
      10       4    1.714285714285709E-01    1.734826860053807E-01
      10       5    1.714285714285709E-01    1.718470139251341E-01
      10       6    1.714285714285709E-01    1.714194154709471E-01
      10       7    1.714285714285709E-01    1.752899947309229E-01
      10       8    1.714285714285709E-01    1.741647332190173E-01
      10       9    1.714285714285709E-01    1.734826860053803E-01
      10      10    2.500000000000000E-01    2.500000000000000E-01
      10      11    1.714285714285709E-01    1.734826860053803E-01
      10      12    1.714285714285709E-01    1.741647332190173E-01
      10      13    1.714285714285709E-01    1.720730664788907E-01
      10      14    1.714285714285709E-01    1.714194154709472E-01
      10      15    1.714285714285709E-01    1.718470139251341E-01
      10      16    1.714285714285709E-01    1.734826860053807E-01
      10      17    1.714285714285709E-01    1.718470139251342E-01
      10      18    1.714285714285709E-01    1.714194154709472E-01
      10      19    1.714285714285709E-01    1.678593868495264E-01
      10      20    1.714285714285709E-01    1.684144732434231E-01
      10      21    1.714285714285709E-01    1.714194154709475E-01
      10      22    1.714285714285709E-01    1.741647332190179E-01
      10      23    1.714285714285709E-01    1.714194154709475E-01
      10      24    1.714285714285709E-01    1.684144732434230E-01
      10      25    1.714285714285709E-01    1.666992478851117E-01
      10      26    1.714285714285709E-01    1.678593868495263E-01
      10      27    1.714285714285709E-01    1.720730664788910E-01
      10      28    1.714285714285709E-01    1.752899947309235E-01
      10      29    1.714285714285709E-01    1.720730664788910E-01
      10      30    1.714285714285709E-01    1.678593868495263E-01
      10      31    1.714285714285709E-01    1.678593868495264E-01
      10      32    1.714285714285709E-01    1.684144732434231E-01
      10      33    1.714285714285709E-01    1.714194154709475E-01
      10      34    1.714285714285709E-01    1.741647332190179E-01
      10      35    1.714285714285709E-01    1.714194154709475E-01
      10      36    1.714285714285709E-01    1.684144732434231E-01
      11       1    1.714285714285709E-01    1.714194154709471E-01
      11       2    1.714285714285709E-01    1.720730664788907E-01
      11       3    1.714285714285709E-01    1.714194154709472E-01
      11       4    1.714285714285709E-01    1.718470139251342E-01
      11       5    1.714285714285709E-01    1.734826860053807E-01
      11       6    1.714285714285709E-01    1.718470139251341E-01
      11       7    1.714285714285709E-01    1.741647332190173E-01
      11       8    1.714285714285709E-01    1.752899947309229E-01
      11       9    1.714285714285709E-01    1.741647332190173E-01
      11      10    1.714285714285709E-01    1.734826860053803E-01
      11      11    2.500000000000000E-01    2.500000000000000E-01
      11      12    1.714285714285709E-01    1.734826860053803E-01
      11      13    1.714285714285709E-01    1.714194154709472E-01
      11      14    1.714285714285709E-01    1.720730664788907E-01
      11      15    1.714285714285709E-01    1.714194154709472E-01
      11      16    1.714285714285709E-01    1.718470139251341E-01
      11      17    1.714285714285709E-01    1.734826860053807E-01
      11      18    1.714285714285709E-01    1.718470139251342E-01
      11      19    1.714285714285709E-01    1.684144732434230E-01
      11      20    1.714285714285709E-01    1.678593868495264E-01
      11      21    1.714285714285709E-01    1.684144732434231E-01
      11      22    1.714285714285709E-01    1.714194154709475E-01
      11      23    1.714285714285709E-01    1.741647332190179E-01
      11      24    1.714285714285709E-01    1.714194154709475E-01
      11      25    1.714285714285709E-01    1.678593868495263E-01
      11      26    1.714285714285709E-01    1.666992478851117E-01
      11      27    1.714285714285709E-01    1.678593868495263E-01
      11      28    1.714285714285709E-01    1.720730664788910E-01
      11      29    1.714285714285709E-01    1.752899947309235E-01
      11      30    1.714285714285709E-01    1.720730664788910E-01
      11      31    1.714285714285709E-01    1.684144732434231E-01
      11      32    1.714285714285709E-01    1.678593868495264E-01
      11      33    1.714285714285709E-01    1.684144732434231E-01
      11      34    1.714285714285709E-01    1.714194154709475E-01
      11      35    1.714285714285709E-01    1.741647332190179E-01
      11      36    1.714285714285709E-01    1.714194154709475E-01
      12       1    1.714285714285709E-01    1.718470139251341E-01
      12       2    1.714285714285709E-01    1.714194154709471E-01
      12       3    1.714285714285709E-01    1.720730664788907E-01
      12       4    1.714285714285709E-01    1.714194154709472E-01
      12       5    1.714285714285709E-01    1.718470139251342E-01
      12       6    1.714285714285709E-01    1.734826860053807E-01
      12       7    1.714285714285709E-01    1.734826860053803E-01
      12       8    1.714285714285709E-01    1.741647332190173E-01
      12       9    1.714285714285709E-01    1.752899947309229E-01
      12      10    1.714285714285709E-01    1.741647332190173E-01
      12      11    1.714285714285709E-01    1.734826860053803E-01
      12      12    2.500000000000000E-01    2.500000000000000E-01
      12      13    1.714285714285709E-01    1.718470139251342E-01
      12      14    1.714285714285709E-01    1.714194154709472E-01
      12      15    1.714285714285709E-01    1.720730664788907E-01
      12      16    1.714285714285709E-01    1.714194154709472E-01
      12      17    1.714285714285709E-01    1.718470139251341E-01
      12      18    1.714285714285709E-01    1.734826860053807E-01
      12      19    1.714285714285709E-01    1.714194154709475E-01
      12      20    1.714285714285709E-01    1.684144732434230E-01
      12      21    1.714285714285709E-01    1.678593868495264E-01
      12      22    1.714285714285709E-01    1.684144732434231E-01
      12      23    1.714285714285709E-01    1.714194154709475E-01
      12      24    1.714285714285709E-01    1.741647332190179E-01
      12      25    1.714285714285709E-01    1.720730664788910E-01
      12      26    1.714285714285709E-01    1.678593868495263E-01
      12      27    1.714285714285709E-01    1.666992478851117E-01
      12      28    1.714285714285709E-01    1.678593868495263E-01
      12      29    1.714285714285709E-01    1.720730664788910E-01
      12      30    1.714285714285709E-01    1.752899947309235E-01
      12      31    1.714285714285709E-01    1.714194154709475E-01
      12      32    1.714285714285709E-01    1.684144732434231E-01
      12      33    1.714285714285709E-01    1.678593868495264E-01
      12      34    1.714285714285709E-01    1.684144732434231E-01
      12      35    1.714285714285709E-01    1.714194154709475E-01
      12      36    1.714285714285709E-01    1.741647332190179E-01
      13       1    1.714285714285709E-01    1.741647332190179E-01
      13       2    1.714285714285709E-01    1.714194154709475E-01
      13       3    1.714285714285709E-01    1.684144732434231E-01
      13       4    1.714285714285709E-01    1.678593868495264E-01
      13       5    1.714285714285709E-01    1.684144732434231E-01
      13       6    1.714285714285709E-01    1.714194154709475E-01
      13       7    1.714285714285709E-01    1.734826860053807E-01
      13       8    1.714285714285709E-01    1.718470139251341E-01
      13       9    1.714285714285709E-01    1.714194154709471E-01
      13      10    1.714285714285709E-01    1.720730664788907E-01
      13      11    1.714285714285709E-01    1.714194154709472E-01
      13      12    1.714285714285709E-01    1.718470139251342E-01
      13      13    2.500000000000000E-01    2.500000000000000E-01
      13      14    1.714285714285709E-01    1.734826860053803E-01
      13      15    1.714285714285709E-01    1.741647332190173E-01
      13      16    1.714285714285709E-01    1.752899947309229E-01
      13      17    1.714285714285709E-01    1.741647332190173E-01
      13      18    1.714285714285709E-01    1.734826860053803E-01
      13      19    1.714285714285709E-01    1.734826860053807E-01
      13      20    1.714285714285709E-01    1.718470139251342E-01
      13      21    1.714285714285709E-01    1.714194154709472E-01
      13      22    1.714285714285709E-01    1.720730664788907E-01
      13      23    1.714285714285709E-01    1.714194154709472E-01
      13      24    1.714285714285709E-01    1.718470139251341E-01
      13      25    1.714285714285709E-01    1.741647332190179E-01
      13      26    1.714285714285709E-01    1.714194154709475E-01
      13      27    1.714285714285709E-01    1.684144732434230E-01
      13      28    1.714285714285709E-01    1.678593868495264E-01
      13      29    1.714285714285709E-01    1.684144732434231E-01
      13      30    1.714285714285709E-01    1.714194154709475E-01
      13      31    1.714285714285709E-01    1.752899947309235E-01
      13      32    1.714285714285709E-01    1.720730664788910E-01
      13      33    1.714285714285709E-01    1.678593868495263E-01
      13      34    1.714285714285709E-01    1.666992478851117E-01
      13      35    1.714285714285709E-01    1.678593868495263E-01
      13      36    1.714285714285709E-01    1.720730664788910E-01
      14       1    1.714285714285709E-01    1.714194154709475E-01
      14       2    1.714285714285709E-01    1.741647332190179E-01
      14       3    1.714285714285709E-01    1.714194154709475E-01
      14       4    1.714285714285709E-01    1.684144732434231E-01
      14       5    1.714285714285709E-01    1.678593868495264E-01
      14       6    1.714285714285709E-01    1.684144732434231E-01
      14       7    1.714285714285709E-01    1.718470139251342E-01
      14       8    1.714285714285709E-01    1.734826860053807E-01
      14       9    1.714285714285709E-01    1.718470139251341E-01
      14      10    1.714285714285709E-01    1.714194154709471E-01
      14      11    1.714285714285709E-01    1.720730664788907E-01
      14      12    1.714285714285709E-01    1.714194154709472E-01
      14      13    1.714285714285709E-01    1.734826860053803E-01
      14      14    2.500000000000000E-01    2.500000000000000E-01
      14      15    1.714285714285709E-01    1.734826860053803E-01
      14      16    1.714285714285709E-01    1.741647332190173E-01
      14      17    1.714285714285709E-01    1.752899947309229E-01
      14      18    1.714285714285709E-01    1.741647332190173E-01
      14      19    1.714285714285709E-01    1.718470139251341E-01
      14      20    1.714285714285709E-01    1.734826860053807E-01
      14      21    1.714285714285709E-01    1.718470139251342E-01
      14      22    1.714285714285709E-01    1.714194154709472E-01
      14      23    1.714285714285709E-01    1.720730664788907E-01
      14      24    1.714285714285709E-01    1.714194154709472E-01
      14      25    1.714285714285709E-01    1.714194154709475E-01
      14      26    1.714285714285709E-01    1.741647332190179E-01
      14      27    1.714285714285709E-01    1.714194154709475E-01
      14      28    1.714285714285709E-01    1.684144732434230E-01
      14      29    1.714285714285709E-01    1.678593868495264E-01
      14      30    1.714285714285709E-01    1.684144732434231E-01
      14      31    1.714285714285709E-01    1.720730664788910E-01
      14      32    1.714285714285709E-01    1.752899947309235E-01
      14      33    1.714285714285709E-01    1.720730664788910E-01
      14      34    1.714285714285709E-01    1.678593868495263E-01
      14      35    1.714285714285709E-01    1.666992478851117E-01
      14      36    1.714285714285709E-01    1.678593868495263E-01
      15       1    1.714285714285709E-01    1.684144732434231E-01
      15       2    1.714285714285709E-01    1.714194154709475E-01
      15       3    1.714285714285709E-01    1.741647332190179E-01
      15       4    1.714285714285709E-01    1.714194154709475E-01
      15       5    1.714285714285709E-01    1.684144732434231E-01
      15       6    1.714285714285709E-01    1.678593868495264E-01
      15       7    1.714285714285709E-01    1.714194154709472E-01
      15       8    1.714285714285709E-01    1.718470139251342E-01
      15       9    1.714285714285709E-01    1.734826860053807E-01
      15      10    1.714285714285709E-01    1.718470139251341E-01
      15      11    1.714285714285709E-01    1.714194154709471E-01
      15      12    1.714285714285709E-01    1.720730664788907E-01
      15      13    1.714285714285709E-01    1.741647332190173E-01
      15      14    1.714285714285709E-01    1.734826860053803E-01
      15      15    2.500000000000000E-01    2.500000000000000E-01
      15      16    1.714285714285709E-01    1.734826860053803E-01
      15      17    1.714285714285709E-01    1.741647332190173E-01
      15      18    1.714285714285709E-01    1.752899947309229E-01
      15      19    1.714285714285709E-01    1.714194154709472E-01
      15      20    1.714285714285709E-01    1.718470139251341E-01
      15      21    1.714285714285709E-01    1.734826860053807E-01
      15      22    1.714285714285709E-01    1.718470139251342E-01
      15      23    1.714285714285709E-01    1.714194154709472E-01
      15      24    1.714285714285709E-01    1.720730664788907E-01
      15      25    1.714285714285709E-01    1.684144732434231E-01
      15      26    1.714285714285709E-01    1.714194154709475E-01
      15      27    1.714285714285709E-01    1.741647332190179E-01
      15      28    1.714285714285709E-01    1.714194154709475E-01
      15      29    1.714285714285709E-01    1.684144732434230E-01
      15      30    1.714285714285709E-01    1.678593868495264E-01
      15      31    1.714285714285709E-01    1.678593868495263E-01
      15      32    1.714285714285709E-01    1.720730664788910E-01
      15      33    1.714285714285709E-01    1.752899947309235E-01
      15      34    1.714285714285709E-01    1.720730664788910E-01
      15      35    1.714285714285709E-01    1.678593868495263E-01
      15      36    1.714285714285709E-01    1.666992478851117E-01
      16       1    1.714285714285709E-01    1.678593868495264E-01
      16       2    1.714285714285709E-01    1.684144732434231E-01
      16       3    1.714285714285709E-01    1.714194154709475E-01
      16       4    1.714285714285709E-01    1.741647332190179E-01
      16       5    1.714285714285709E-01    1.714194154709475E-01
      16       6    1.714285714285709E-01    1.684144732434231E-01
      16       7    1.714285714285709E-01    1.720730664788907E-01
      16       8    1.714285714285709E-01    1.714194154709472E-01
      16       9    1.714285714285709E-01    1.718470139251342E-01
      16      10    1.714285714285709E-01    1.734826860053807E-01
      16      11    1.714285714285709E-01    1.718470139251341E-01
      16      12    1.714285714285709E-01    1.714194154709471E-01
      16      13    1.714285714285709E-01    1.752899947309229E-01
      16      14    1.714285714285709E-01    1.741647332190173E-01
      16      15    1.714285714285709E-01    1.734826860053803E-01
      16      16    2.500000000000000E-01    2.500000000000000E-01
      16      17    1.714285714285709E-01    1.734826860053803E-01
      16      18    1.714285714285709E-01    1.741647332190173E-01
      16      19    1.714285714285709E-01    1.720730664788907E-01
      16      20    1.714285714285709E-01    1.714194154709472E-01
      16      21    1.714285714285709E-01    1.718470139251341E-01
      16      22    1.714285714285709E-01    1.734826860053807E-01
      16      23    1.714285714285709E-01    1.718470139251342E-01
      16      24    1.714285714285709E-01    1.714194154709472E-01
      16      25    1.714285714285709E-01    1.678593868495264E-01
      16      26    1.714285714285709E-01    1.684144732434231E-01
      16      27    1.714285714285709E-01    1.714194154709475E-01
      16      28    1.714285714285709E-01    1.741647332190179E-01
      16      29    1.714285714285709E-01    1.714194154709475E-01
      16      30    1.714285714285709E-01    1.684144732434230E-01
      16      31    1.714285714285709E-01    1.666992478851117E-01
      16      32    1.714285714285709E-01    1.678593868495263E-01
      16      33    1.714285714285709E-01    1.720730664788910E-01
      16      34    1.714285714285709E-01    1.752899947309235E-01
      16      35    1.714285714285709E-01    1.720730664788910E-01
      16      36    1.714285714285709E-01    1.678593868495263E-01
      17       1    1.714285714285709E-01    1.684144732434231E-01
      17       2    1.714285714285709E-01    1.678593868495264E-01
      17       3    1.714285714285709E-01    1.684144732434231E-01
      17       4    1.714285714285709E-01    1.714194154709475E-01
      17       5    1.714285714285709E-01    1.741647332190179E-01
      17       6    1.714285714285709E-01    1.714194154709475E-01
      17       7    1.714285714285709E-01    1.714194154709471E-01
      17       8    1.714285714285709E-01    1.720730664788907E-01
      17       9    1.714285714285709E-01    1.714194154709472E-01
      17      10    1.714285714285709E-01    1.718470139251342E-01
      17      11    1.714285714285709E-01    1.734826860053807E-01
      17      12    1.714285714285709E-01    1.718470139251341E-01
      17      13    1.714285714285709E-01    1.741647332190173E-01
      17      14    1.714285714285709E-01    1.752899947309229E-01
      17      15    1.714285714285709E-01    1.741647332190173E-01
      17      16    1.714285714285709E-01    1.734826860053803E-01
      17      17    2.500000000000000E-01    2.500000000000000E-01
      17      18    1.714285714285709E-01    1.734826860053803E-01
      17      19    1.714285714285709E-01    1.714194154709472E-01
      17      20    1.714285714285709E-01    1.720730664788907E-01
      17      21    1.714285714285709E-01    1.714194154709472E-01
      17      22    1.714285714285709E-01    1.718470139251341E-01
      17      23    1.714285714285709E-01    1.734826860053807E-01
      17      24    1.714285714285709E-01    1.718470139251342E-01
      17      25    1.714285714285709E-01    1.684144732434230E-01
      17      26    1.714285714285709E-01    1.678593868495264E-01
      17      27    1.714285714285709E-01    1.684144732434231E-01
      17      28    1.714285714285709E-01    1.714194154709475E-01
      17      29    1.714285714285709E-01    1.741647332190179E-01
      17      30    1.714285714285709E-01    1.714194154709475E-01
      17      31    1.714285714285709E-01    1.678593868495263E-01
      17      32    1.714285714285709E-01    1.666992478851117E-01
      17      33    1.714285714285709E-01    1.678593868495263E-01
      17      34    1.714285714285709E-01    1.720730664788910E-01
      17      35    1.714285714285709E-01    1.752899947309235E-01
      17      36    1.714285714285709E-01    1.720730664788910E-01
      18       1    1.714285714285709E-01    1.714194154709475E-01
      18       2    1.714285714285709E-01    1.684144732434231E-01
      18       3    1.714285714285709E-01    1.678593868495264E-01
      18       4    1.714285714285709E-01    1.684144732434231E-01
      18       5    1.714285714285709E-01    1.714194154709475E-01
      18       6    1.714285714285709E-01    1.741647332190179E-01
      18       7    1.714285714285709E-01    1.718470139251341E-01
      18       8    1.714285714285709E-01    1.714194154709471E-01
      18       9    1.714285714285709E-01    1.720730664788907E-01
      18      10    1.714285714285709E-01    1.714194154709472E-01
      18      11    1.714285714285709E-01    1.718470139251342E-01
      18      12    1.714285714285709E-01    1.734826860053807E-01
      18      13    1.714285714285709E-01    1.734826860053803E-01
      18      14    1.714285714285709E-01    1.741647332190173E-01
      18      15    1.714285714285709E-01    1.752899947309229E-01
      18      16    1.714285714285709E-01    1.741647332190173E-01
      18      17    1.714285714285709E-01    1.734826860053803E-01
      18      18    2.500000000000000E-01    2.500000000000000E-01
      18      19    1.714285714285709E-01    1.718470139251342E-01
      18      20    1.714285714285709E-01    1.714194154709472E-01
      18      21    1.714285714285709E-01    1.720730664788907E-01
      18      22    1.714285714285709E-01    1.714194154709472E-01
      18      23    1.714285714285709E-01    1.718470139251341E-01
      18      24    1.714285714285709E-01    1.734826860053807E-01
      18      25    1.714285714285709E-01    1.714194154709475E-01
      18      26    1.714285714285709E-01    1.684144732434230E-01
      18      27    1.714285714285709E-01    1.678593868495264E-01
      18      28    1.714285714285709E-01    1.684144732434231E-01
      18      29    1.714285714285709E-01    1.714194154709475E-01
      18      30    1.714285714285709E-01    1.741647332190179E-01
      18      31    1.714285714285709E-01    1.720730664788910E-01
      18      32    1.714285714285709E-01    1.678593868495263E-01
      18      33    1.714285714285709E-01    1.666992478851117E-01
      18      34    1.714285714285709E-01    1.678593868495263E-01
      18      35    1.714285714285709E-01    1.720730664788910E-01
      18      36    1.714285714285709E-01    1.752899947309235E-01
      19       1    1.714285714285709E-01    1.752899947309235E-01
      19       2    1.714285714285709E-01    1.720730664788910E-01
      19       3    1.714285714285709E-01    1.678593868495263E-01
      19       4    1.714285714285709E-01    1.666992478851117E-01
      19       5    1.714285714285709E-01    1.678593868495263E-01
      19       6    1.714285714285709E-01    1.720730664788910E-01
      19       7    1.714285714285709E-01    1.741647332190179E-01
      19       8    1.714285714285709E-01    1.714194154709475E-01
      19       9    1.714285714285709E-01    1.684144732434231E-01
      19      10    1.714285714285709E-01    1.678593868495264E-01
      19      11    1.714285714285709E-01    1.684144732434231E-01
      19      12    1.714285714285709E-01    1.714194154709475E-01
      19      13    1.714285714285709E-01    1.734826860053807E-01
      19      14    1.714285714285709E-01    1.718470139251341E-01
      19      15    1.714285714285709E-01    1.714194154709471E-01
      19      16    1.714285714285709E-01    1.720730664788907E-01
      19      17    1.714285714285709E-01    1.714194154709472E-01
      19      18    1.714285714285709E-01    1.718470139251342E-01
      19      19    2.500000000000000E-01    2.500000000000000E-01
      19      20    1.714285714285709E-01    1.734826860053803E-01
      19      21    1.714285714285709E-01    1.741647332190173E-01
      19      22    1.714285714285709E-01    1.752899947309229E-01
      19      23    1.714285714285709E-01    1.741647332190173E-01
      19      24    1.714285714285709E-01    1.734826860053803E-01
      19      25    1.714285714285709E-01    1.734826860053807E-01
      19      26    1.714285714285709E-01    1.718470139251342E-01
      19      27    1.714285714285709E-01    1.714194154709472E-01
      19      28    1.714285714285709E-01    1.720730664788907E-01
      19      29    1.714285714285709E-01    1.714194154709472E-01
      19      30    1.714285714285709E-01    1.718470139251341E-01
      19      31    1.714285714285709E-01    1.741647332190179E-01
      19      32    1.714285714285709E-01    1.714194154709475E-01
      19      33    1.714285714285709E-01    1.684144732434230E-01
      19      34    1.714285714285709E-01    1.678593868495264E-01
      19      35    1.714285714285709E-01    1.684144732434231E-01
      19      36    1.714285714285709E-01    1.714194154709475E-01
      20       1    1.714285714285709E-01    1.720730664788910E-01
      20       2    1.714285714285709E-01    1.752899947309235E-01
      20       3    1.714285714285709E-01    1.720730664788910E-01
      20       4    1.714285714285709E-01    1.678593868495263E-01
      20       5    1.714285714285709E-01    1.666992478851117E-01
      20       6    1.714285714285709E-01    1.678593868495263E-01
      20       7    1.714285714285709E-01    1.714194154709475E-01
      20       8    1.714285714285709E-01    1.741647332190179E-01
      20       9    1.714285714285709E-01    1.714194154709475E-01
      20      10    1.714285714285709E-01    1.684144732434231E-01
      20      11    1.714285714285709E-01    1.678593868495264E-01
      20      12    1.714285714285709E-01    1.684144732434231E-01
      20      13    1.714285714285709E-01    1.718470139251342E-01
      20      14    1.714285714285709E-01    1.734826860053807E-01
      20      15    1.714285714285709E-01    1.718470139251341E-01
      20      16    1.714285714285709E-01    1.714194154709471E-01
      20      17    1.714285714285709E-01    1.720730664788907E-01
      20      18    1.714285714285709E-01    1.714194154709472E-01
      20      19    1.714285714285709E-01    1.734826860053803E-01
      20      20    2.500000000000000E-01    2.500000000000000E-01
      20      21    1.714285714285709E-01    1.734826860053803E-01
      20      22    1.714285714285709E-01    1.741647332190173E-01
      20      23    1.714285714285709E-01    1.752899947309229E-01
      20      24    1.714285714285709E-01    1.741647332190173E-01
      20      25    1.714285714285709E-01    1.718470139251341E-01
      20      26    1.714285714285709E-01    1.734826860053807E-01
      20      27    1.714285714285709E-01    1.718470139251342E-01
      20      28    1.714285714285709E-01    1.714194154709472E-01
      20      29    1.714285714285709E-01    1.720730664788907E-01
      20      30    1.714285714285709E-01    1.714194154709472E-01
      20      31    1.714285714285709E-01    1.714194154709475E-01
      20      32    1.714285714285709E-01    1.741647332190179E-01
      20      33    1.714285714285709E-01    1.714194154709475E-01
      20      34    1.714285714285709E-01    1.684144732434230E-01
      20      35    1.714285714285709E-01    1.678593868495264E-01
      20      36    1.714285714285709E-01    1.684144732434231E-01
      21       1    1.714285714285709E-01    1.678593868495263E-01
      21       2    1.714285714285709E-01    1.720730664788910E-01
      21       3    1.714285714285709E-01    1.752899947309235E-01
      21       4    1.714285714285709E-01    1.720730664788910E-01
      21       5    1.714285714285709E-01    1.678593868495263E-01
      21       6    1.714285714285709E-01    1.666992478851117E-01
      21       7    1.714285714285709E-01    1.684144732434231E-01
      21       8    1.714285714285709E-01    1.714194154709475E-01
      21       9    1.714285714285709E-01    1.741647332190179E-01
      21      10    1.714285714285709E-01    1.714194154709475E-01
      21      11    1.714285714285709E-01    1.684144732434231E-01
      21      12    1.714285714285709E-01    1.678593868495264E-01
      21      13    1.714285714285709E-01    1.714194154709472E-01
      21      14    1.714285714285709E-01    1.718470139251342E-01
      21      15    1.714285714285709E-01    1.734826860053807E-01
      21      16    1.714285714285709E-01    1.718470139251341E-01
      21      17    1.714285714285709E-01    1.714194154709471E-01
      21      18    1.714285714285709E-01    1.720730664788907E-01
      21      19    1.714285714285709E-01    1.741647332190173E-01
      21      20    1.714285714285709E-01    1.734826860053803E-01
      21      21    2.500000000000000E-01    2.500000000000000E-01
      21      22    1.714285714285709E-01    1.734826860053803E-01
      21      23    1.714285714285709E-01    1.741647332190173E-01
      21      24    1.714285714285709E-01    1.752899947309229E-01
      21      25    1.714285714285709E-01    1.714194154709472E-01
      21      26    1.714285714285709E-01    1.718470139251341E-01
      21      27    1.714285714285709E-01    1.734826860053807E-01
      21      28    1.714285714285709E-01    1.718470139251342E-01
      21      29    1.714285714285709E-01    1.714194154709472E-01
      21      30    1.714285714285709E-01    1.720730664788907E-01
      21      31    1.714285714285709E-01    1.684144732434231E-01
      21      32    1.714285714285709E-01    1.714194154709475E-01
      21      33    1.714285714285709E-01    1.741647332190179E-01
      21      34    1.714285714285709E-01    1.714194154709475E-01
      21      35    1.714285714285709E-01    1.684144732434230E-01
      21      36    1.714285714285709E-01    1.678593868495264E-01
      22       1    1.714285714285709E-01    1.666992478851117E-01
      22       2    1.714285714285709E-01    1.678593868495263E-01
      22       3    1.714285714285709E-01    1.720730664788910E-01
      22       4    1.714285714285709E-01    1.752899947309235E-01
      22       5    1.714285714285709E-01    1.720730664788910E-01
      22       6    1.714285714285709E-01    1.678593868495263E-01
      22       7    1.714285714285709E-01    1.678593868495264E-01
      22       8    1.714285714285709E-01    1.684144732434231E-01
      22       9    1.714285714285709E-01    1.714194154709475E-01
      22      10    1.714285714285709E-01    1.741647332190179E-01
      22      11    1.714285714285709E-01    1.714194154709475E-01
      22      12    1.714285714285709E-01    1.684144732434231E-01
      22      13    1.714285714285709E-01    1.720730664788907E-01
      22      14    1.714285714285709E-01    1.714194154709472E-01
      22      15    1.714285714285709E-01    1.718470139251342E-01
      22      16    1.714285714285709E-01    1.734826860053807E-01
      22      17    1.714285714285709E-01    1.718470139251341E-01
      22      18    1.714285714285709E-01    1.714194154709471E-01
      22      19    1.714285714285709E-01    1.752899947309229E-01
      22      20    1.714285714285709E-01    1.741647332190173E-01
      22      21    1.714285714285709E-01    1.734826860053803E-01
      22      22    2.500000000000000E-01    2.500000000000000E-01
      22      23    1.714285714285709E-01    1.734826860053803E-01
      22      24    1.714285714285709E-01    1.741647332190173E-01
      22      25    1.714285714285709E-01    1.720730664788907E-01
      22      26    1.714285714285709E-01    1.714194154709472E-01
      22      27    1.714285714285709E-01    1.718470139251341E-01
      22      28    1.714285714285709E-01    1.734826860053807E-01
      22      29    1.714285714285709E-01    1.718470139251342E-01
      22      30    1.714285714285709E-01    1.714194154709472E-01
      22      31    1.714285714285709E-01    1.678593868495264E-01
      22      32    1.714285714285709E-01    1.684144732434231E-01
      22      33    1.714285714285709E-01    1.714194154709475E-01
      22      34    1.714285714285709E-01    1.741647332190179E-01
      22      35    1.714285714285709E-01    1.714194154709475E-01
      22      36    1.714285714285709E-01    1.684144732434230E-01
      23       1    1.714285714285709E-01    1.678593868495263E-01
      23       2    1.714285714285709E-01    1.666992478851117E-01
      23       3    1.714285714285709E-01    1.678593868495263E-01
      23       4    1.714285714285709E-01    1.720730664788910E-01
      23       5    1.714285714285709E-01    1.752899947309235E-01
      23       6    1.714285714285709E-01    1.720730664788910E-01
      23       7    1.714285714285709E-01    1.684144732434231E-01
      23       8    1.714285714285709E-01    1.678593868495264E-01
      23       9    1.714285714285709E-01    1.684144732434231E-01
      23      10    1.714285714285709E-01    1.714194154709475E-01
      23      11    1.714285714285709E-01    1.741647332190179E-01
      23      12    1.714285714285709E-01    1.714194154709475E-01
      23      13    1.714285714285709E-01    1.714194154709471E-01
      23      14    1.714285714285709E-01    1.720730664788907E-01
      23      15    1.714285714285709E-01    1.714194154709472E-01
      23      16    1.714285714285709E-01    1.718470139251342E-01
      23      17    1.714285714285709E-01    1.734826860053807E-01
      23      18    1.714285714285709E-01    1.718470139251341E-01
      23      19    1.714285714285709E-01    1.741647332190173E-01
      23      20    1.714285714285709E-01    1.752899947309229E-01
      23      21    1.714285714285709E-01    1.741647332190173E-01
      23      22    1.714285714285709E-01    1.734826860053803E-01
      23      23    2.500000000000000E-01    2.500000000000000E-01
      23      24    1.714285714285709E-01    1.734826860053803E-01
      23      25    1.714285714285709E-01    1.714194154709472E-01
      23      26    1.714285714285709E-01    1.720730664788907E-01
      23      27    1.714285714285709E-01    1.714194154709472E-01
      23      28    1.714285714285709E-01    1.718470139251341E-01
      23      29    1.714285714285709E-01    1.734826860053807E-01
      23      30    1.714285714285709E-01    1.718470139251342E-01
      23      31    1.714285714285709E-01    1.684144732434230E-01
      23      32    1.714285714285709E-01    1.678593868495264E-01
      23      33    1.714285714285709E-01    1.684144732434231E-01
      23      34    1.714285714285709E-01    1.714194154709475E-01
      23      35    1.714285714285709E-01    1.741647332190179E-01
      23      36    1.714285714285709E-01    1.714194154709475E-01
      24       1    1.714285714285709E-01    1.720730664788910E-01
      24       2    1.714285714285709E-01    1.678593868495263E-01
      24       3    1.714285714285709E-01    1.666992478851117E-01
      24       4    1.714285714285709E-01    1.678593868495263E-01
      24       5    1.714285714285709E-01    1.720730664788910E-01
      24       6    1.714285714285709E-01    1.752899947309235E-01
      24       7    1.714285714285709E-01    1.714194154709475E-01
      24       8    1.714285714285709E-01    1.684144732434231E-01
      24       9    1.714285714285709E-01    1.678593868495264E-01
      24      10    1.714285714285709E-01    1.684144732434231E-01
      24      11    1.714285714285709E-01    1.714194154709475E-01
      24      12    1.714285714285709E-01    1.741647332190179E-01
      24      13    1.714285714285709E-01    1.718470139251341E-01
      24      14    1.714285714285709E-01    1.714194154709471E-01
      24      15    1.714285714285709E-01    1.720730664788907E-01
      24      16    1.714285714285709E-01    1.714194154709472E-01
      24      17    1.714285714285709E-01    1.718470139251342E-01
      24      18    1.714285714285709E-01    1.734826860053807E-01
      24      19    1.714285714285709E-01    1.734826860053803E-01
      24      20    1.714285714285709E-01    1.741647332190173E-01
      24      21    1.714285714285709E-01    1.752899947309229E-01
      24      22    1.714285714285709E-01    1.741647332190173E-01
      24      23    1.714285714285709E-01    1.734826860053803E-01
      24      24    2.500000000000000E-01    2.500000000000000E-01
      24      25    1.714285714285709E-01    1.718470139251342E-01
      24      26    1.714285714285709E-01    1.714194154709472E-01
      24      27    1.714285714285709E-01    1.720730664788907E-01
      24      28    1.714285714285709E-01    1.714194154709472E-01
      24      29    1.714285714285709E-01    1.718470139251341E-01
      24      30    1.714285714285709E-01    1.734826860053807E-01
      24      31    1.714285714285709E-01    1.714194154709475E-01
      24      32    1.714285714285709E-01    1.684144732434230E-01
      24      33    1.714285714285709E-01    1.678593868495264E-01
      24      34    1.714285714285709E-01    1.684144732434231E-01
      24      35    1.714285714285709E-01    1.714194154709475E-01
      24      36    1.714285714285709E-01    1.741647332190179E-01
      25       1    1.714285714285709E-01    1.741647332190179E-01
      25       2    1.714285714285709E-01    1.714194154709475E-01
      25       3    1.714285714285709E-01    1.684144732434230E-01
      25       4    1.714285714285709E-01    1.678593868495264E-01
      25       5    1.714285714285709E-01    1.684144732434231E-01
      25       6    1.714285714285709E-01    1.714194154709475E-01
      25       7    1.714285714285709E-01    1.752899947309235E-01
      25       8    1.714285714285709E-01    1.720730664788910E-01
      25       9    1.714285714285709E-01    1.678593868495263E-01
      25      10    1.714285714285709E-01    1.666992478851117E-01
      25      11    1.714285714285709E-01    1.678593868495263E-01
      25      12    1.714285714285709E-01    1.720730664788910E-01
      25      13    1.714285714285709E-01    1.741647332190179E-01
      25      14    1.714285714285709E-01    1.714194154709475E-01
      25      15    1.714285714285709E-01    1.684144732434231E-01
      25      16    1.714285714285709E-01    1.678593868495264E-01
      25      17    1.714285714285709E-01    1.684144732434231E-01
      25      18    1.714285714285709E-01    1.714194154709475E-01
      25      19    1.714285714285709E-01    1.734826860053807E-01
      25      20    1.714285714285709E-01    1.718470139251341E-01
      25      21    1.714285714285709E-01    1.714194154709471E-01
      25      22    1.714285714285709E-01    1.720730664788907E-01
      25      23    1.714285714285709E-01    1.714194154709472E-01
      25      24    1.714285714285709E-01    1.718470139251342E-01
      25      25    2.500000000000000E-01    2.500000000000000E-01
      25      26    1.714285714285709E-01    1.734826860053803E-01
      25      27    1.714285714285709E-01    1.741647332190173E-01
      25      28    1.714285714285709E-01    1.752899947309229E-01
      25      29    1.714285714285709E-01    1.741647332190173E-01
      25      30    1.714285714285709E-01    1.734826860053803E-01
      25      31    1.714285714285709E-01    1.734826860053807E-01
      25      32    1.714285714285709E-01    1.718470139251342E-01
      25      33    1.714285714285709E-01    1.714194154709472E-01
      25      34    1.714285714285709E-01    1.720730664788907E-01
      25      35    1.714285714285709E-01    1.714194154709472E-01
      25      36    1.714285714285709E-01    1.718470139251341E-01
      26       1    1.714285714285709E-01    1.714194154709475E-01
      26       2    1.714285714285709E-01    1.741647332190179E-01
      26       3    1.714285714285709E-01    1.714194154709475E-01
      26       4    1.714285714285709E-01    1.684144732434230E-01
      26       5    1.714285714285709E-01    1.678593868495264E-01
      26       6    1.714285714285709E-01    1.684144732434231E-01
      26       7    1.714285714285709E-01    1.720730664788910E-01
      26       8    1.714285714285709E-01    1.752899947309235E-01
      26       9    1.714285714285709E-01    1.720730664788910E-01
      26      10    1.714285714285709E-01    1.678593868495263E-01
      26      11    1.714285714285709E-01    1.666992478851117E-01
      26      12    1.714285714285709E-01    1.678593868495263E-01
      26      13    1.714285714285709E-01    1.714194154709475E-01
      26      14    1.714285714285709E-01    1.741647332190179E-01
      26      15    1.714285714285709E-01    1.714194154709475E-01
      26      16    1.714285714285709E-01    1.684144732434231E-01
      26      17    1.714285714285709E-01    1.678593868495264E-01
      26      18    1.714285714285709E-01    1.684144732434231E-01
      26      19    1.714285714285709E-01    1.718470139251342E-01
      26      20    1.714285714285709E-01    1.734826860053807E-01
      26      21    1.714285714285709E-01    1.718470139251341E-01
      26      22    1.714285714285709E-01    1.714194154709471E-01
      26      23    1.714285714285709E-01    1.720730664788907E-01
      26      24    1.714285714285709E-01    1.714194154709472E-01
      26      25    1.714285714285709E-01    1.734826860053803E-01
      26      26    2.500000000000000E-01    2.500000000000000E-01
      26      27    1.714285714285709E-01    1.734826860053803E-01
      26      28    1.714285714285709E-01    1.741647332190173E-01
      26      29    1.714285714285709E-01    1.752899947309229E-01
      26      30    1.714285714285709E-01    1.741647332190173E-01
      26      31    1.714285714285709E-01    1.718470139251341E-01
      26      32    1.714285714285709E-01    1.734826860053807E-01
      26      33    1.714285714285709E-01    1.718470139251342E-01
      26      34    1.714285714285709E-01    1.714194154709472E-01
      26      35    1.714285714285709E-01    1.720730664788907E-01
      26      36    1.714285714285709E-01    1.714194154709472E-01
      27       1    1.714285714285709E-01    1.684144732434231E-01
      27       2    1.714285714285709E-01    1.714194154709475E-01
      27       3    1.714285714285709E-01    1.741647332190179E-01
      27       4    1.714285714285709E-01    1.714194154709475E-01
      27       5    1.714285714285709E-01    1.684144732434230E-01
      27       6    1.714285714285709E-01    1.678593868495264E-01
      27       7    1.714285714285709E-01    1.678593868495263E-01
      27       8    1.714285714285709E-01    1.720730664788910E-01
      27       9    1.714285714285709E-01    1.752899947309235E-01
      27      10    1.714285714285709E-01    1.720730664788910E-01
      27      11    1.714285714285709E-01    1.678593868495263E-01
      27      12    1.714285714285709E-01    1.666992478851117E-01
      27      13    1.714285714285709E-01    1.684144732434231E-01
      27      14    1.714285714285709E-01    1.714194154709475E-01
      27      15    1.714285714285709E-01    1.741647332190179E-01
      27      16    1.714285714285709E-01    1.714194154709475E-01
      27      17    1.714285714285709E-01    1.684144732434231E-01
      27      18    1.714285714285709E-01    1.678593868495264E-01
      27      19    1.714285714285709E-01    1.714194154709472E-01
      27      20    1.714285714285709E-01    1.718470139251342E-01
      27      21    1.714285714285709E-01    1.734826860053807E-01
      27      22    1.714285714285709E-01    1.718470139251341E-01
      27      23    1.714285714285709E-01    1.714194154709471E-01
      27      24    1.714285714285709E-01    1.720730664788907E-01
      27      25    1.714285714285709E-01    1.741647332190173E-01
      27      26    1.714285714285709E-01    1.734826860053803E-01
      27      27    2.500000000000000E-01    2.500000000000000E-01
      27      28    1.714285714285709E-01    1.734826860053803E-01
      27      29    1.714285714285709E-01    1.741647332190173E-01
      27      30    1.714285714285709E-01    1.752899947309229E-01
      27      31    1.714285714285709E-01    1.714194154709472E-01
      27      32    1.714285714285709E-01    1.718470139251341E-01
      27      33    1.714285714285709E-01    1.734826860053807E-01
      27      34    1.714285714285709E-01    1.718470139251342E-01
      27      35    1.714285714285709E-01    1.714194154709472E-01
      27      36    1.714285714285709E-01    1.720730664788907E-01
      28       1    1.714285714285709E-01    1.678593868495264E-01
      28       2    1.714285714285709E-01    1.684144732434231E-01
      28       3    1.714285714285709E-01    1.714194154709475E-01
      28       4    1.714285714285709E-01    1.741647332190179E-01
      28       5    1.714285714285709E-01    1.714194154709475E-01
      28       6    1.714285714285709E-01    1.684144732434230E-01
      28       7    1.714285714285709E-01    1.666992478851117E-01
      28       8    1.714285714285709E-01    1.678593868495263E-01
      28       9    1.714285714285709E-01    1.720730664788910E-01
      28      10    1.714285714285709E-01    1.752899947309235E-01
      28      11    1.714285714285709E-01    1.720730664788910E-01
      28      12    1.714285714285709E-01    1.678593868495263E-01
      28      13    1.714285714285709E-01    1.678593868495264E-01
      28      14    1.714285714285709E-01    1.684144732434231E-01
      28      15    1.714285714285709E-01    1.714194154709475E-01
      28      16    1.714285714285709E-01    1.741647332190179E-01
      28      17    1.714285714285709E-01    1.714194154709475E-01
      28      18    1.714285714285709E-01    1.684144732434231E-01
      28      19    1.714285714285709E-01    1.720730664788907E-01
      28      20    1.714285714285709E-01    1.714194154709472E-01
      28      21    1.714285714285709E-01    1.718470139251342E-01
      28      22    1.714285714285709E-01    1.734826860053807E-01
      28      23    1.714285714285709E-01    1.718470139251341E-01
      28      24    1.714285714285709E-01    1.714194154709471E-01
      28      25    1.714285714285709E-01    1.752899947309229E-01
      28      26    1.714285714285709E-01    1.741647332190173E-01
      28      27    1.714285714285709E-01    1.734826860053803E-01
      28      28    2.500000000000000E-01    2.500000000000000E-01
      28      29    1.714285714285709E-01    1.734826860053803E-01
      28      30    1.714285714285709E-01    1.741647332190173E-01
      28      31    1.714285714285709E-01    1.720730664788907E-01
      28      32    1.714285714285709E-01    1.714194154709472E-01
      28      33    1.714285714285709E-01    1.718470139251341E-01
      28      34    1.714285714285709E-01    1.734826860053807E-01
      28      35    1.714285714285709E-01    1.718470139251342E-01
      28      36    1.714285714285709E-01    1.714194154709472E-01
      29       1    1.714285714285709E-01    1.684144732434230E-01
      29       2    1.714285714285709E-01    1.678593868495264E-01
      29       3    1.714285714285709E-01    1.684144732434231E-01
      29       4    1.714285714285709E-01    1.714194154709475E-01
      29       5    1.714285714285709E-01    1.741647332190179E-01
      29       6    1.714285714285709E-01    1.714194154709475E-01
      29       7    1.714285714285709E-01    1.678593868495263E-01
      29       8    1.714285714285709E-01    1.666992478851117E-01
      29       9    1.714285714285709E-01    1.678593868495263E-01
      29      10    1.714285714285709E-01    1.720730664788910E-01
      29      11    1.714285714285709E-01    1.752899947309235E-01
      29      12    1.714285714285709E-01    1.720730664788910E-01
      29      13    1.714285714285709E-01    1.684144732434231E-01
      29      14    1.714285714285709E-01    1.678593868495264E-01
      29      15    1.714285714285709E-01    1.684144732434231E-01
      29      16    1.714285714285709E-01    1.714194154709475E-01
      29      17    1.714285714285709E-01    1.741647332190179E-01
      29      18    1.714285714285709E-01    1.714194154709475E-01
      29      19    1.714285714285709E-01    1.714194154709471E-01
      29      20    1.714285714285709E-01    1.720730664788907E-01
      29      21    1.714285714285709E-01    1.714194154709472E-01
      29      22    1.714285714285709E-01    1.718470139251342E-01
      29      23    1.714285714285709E-01    1.734826860053807E-01
      29      24    1.714285714285709E-01    1.718470139251341E-01
      29      25    1.714285714285709E-01    1.741647332190173E-01
      29      26    1.714285714285709E-01    1.752899947309229E-01
      29      27    1.714285714285709E-01    1.741647332190173E-01
      29      28    1.714285714285709E-01    1.734826860053803E-01
      29      29    2.500000000000000E-01    2.500000000000000E-01
      29      30    1.714285714285709E-01    1.734826860053803E-01
      29      31    1.714285714285709E-01    1.714194154709472E-01
      29      32    1.714285714285709E-01    1.720730664788907E-01
      29      33    1.714285714285709E-01    1.714194154709472E-01
      29      34    1.714285714285709E-01    1.718470139251341E-01
      29      35    1.714285714285709E-01    1.734826860053807E-01
      29      36    1.714285714285709E-01    1.718470139251342E-01
      30       1    1.714285714285709E-01    1.714194154709475E-01
      30       2    1.714285714285709E-01    1.684144732434230E-01
      30       3    1.714285714285709E-01    1.678593868495264E-01
      30       4    1.714285714285709E-01    1.684144732434231E-01
      30       5    1.714285714285709E-01    1.714194154709475E-01
      30       6    1.714285714285709E-01    1.741647332190179E-01
      30       7    1.714285714285709E-01    1.720730664788910E-01
      30       8    1.714285714285709E-01    1.678593868495263E-01
      30       9    1.714285714285709E-01    1.666992478851117E-01
      30      10    1.714285714285709E-01    1.678593868495263E-01
      30      11    1.714285714285709E-01    1.720730664788910E-01
      30      12    1.714285714285709E-01    1.752899947309235E-01
      30      13    1.714285714285709E-01    1.714194154709475E-01
      30      14    1.714285714285709E-01    1.684144732434231E-01
      30      15    1.714285714285709E-01    1.678593868495264E-01
      30      16    1.714285714285709E-01    1.684144732434231E-01
      30      17    1.714285714285709E-01    1.714194154709475E-01
      30      18    1.714285714285709E-01    1.741647332190179E-01
      30      19    1.714285714285709E-01    1.718470139251341E-01
      30      20    1.714285714285709E-01    1.714194154709471E-01
      30      21    1.714285714285709E-01    1.720730664788907E-01
      30      22    1.714285714285709E-01    1.714194154709472E-01
      30      23    1.714285714285709E-01    1.718470139251342E-01
      30      24    1.714285714285709E-01    1.734826860053807E-01
      30      25    1.714285714285709E-01    1.734826860053803E-01
      30      26    1.714285714285709E-01    1.741647332190173E-01
      30      27    1.714285714285709E-01    1.752899947309229E-01
      30      28    1.714285714285709E-01    1.741647332190173E-01
      30      29    1.714285714285709E-01    1.734826860053803E-01
      30      30    2.500000000000000E-01    2.500000000000000E-01
      30      31    1.714285714285709E-01    1.718470139251342E-01
      30      32    1.714285714285709E-01    1.714194154709472E-01
      30      33    1.714285714285709E-01    1.720730664788907E-01
      30      34    1.714285714285709E-01    1.714194154709472E-01
      30      35    1.714285714285709E-01    1.718470139251341E-01
      30      36    1.714285714285709E-01    1.734826860053807E-01
      31       1    1.714285714285709E-01    1.734826860053807E-01
      31       2    1.714285714285709E-01    1.718470139251342E-01
      31       3    1.714285714285709E-01    1.714194154709472E-01
      31       4    1.714285714285709E-01    1.720730664788907E-01
      31       5    1.714285714285709E-01    1.714194154709472E-01
      31       6    1.714285714285709E-01    1.718470139251341E-01
      31       7    1.714285714285709E-01    1.741647332190179E-01
      31       8    1.714285714285709E-01    1.714194154709475E-01
      31       9    1.714285714285709E-01    1.684144732434230E-01
      31      10    1.714285714285709E-01    1.678593868495264E-01
      31      11    1.714285714285709E-01    1.684144732434231E-01
      31      12    1.714285714285709E-01    1.714194154709475E-01
      31      13    1.714285714285709E-01    1.752899947309235E-01
      31      14    1.714285714285709E-01    1.720730664788910E-01
      31      15    1.714285714285709E-01    1.678593868495263E-01
      31      16    1.714285714285709E-01    1.666992478851117E-01
      31      17    1.714285714285709E-01    1.678593868495263E-01
      31      18    1.714285714285709E-01    1.720730664788910E-01
      31      19    1.714285714285709E-01    1.741647332190179E-01
      31      20    1.714285714285709E-01    1.714194154709475E-01
      31      21    1.714285714285709E-01    1.684144732434231E-01
      31      22    1.714285714285709E-01    1.678593868495264E-01
      31      23    1.714285714285709E-01    1.684144732434231E-01
      31      24    1.714285714285709E-01    1.714194154709475E-01
      31      25    1.714285714285709E-01    1.734826860053807E-01
      31      26    1.714285714285709E-01    1.718470139251341E-01
      31      27    1.714285714285709E-01    1.714194154709471E-01
      31      28    1.714285714285709E-01    1.720730664788907E-01
      31      29    1.714285714285709E-01    1.714194154709472E-01
      31      30    1.714285714285709E-01    1.718470139251342E-01
      31      31    2.500000000000000E-01    2.500000000000000E-01
      31      32    1.714285714285709E-01    1.734826860053803E-01
      31      33    1.714285714285709E-01    1.741647332190173E-01
      31      34    1.714285714285709E-01    1.752899947309229E-01
      31      35    1.714285714285709E-01    1.741647332190173E-01
      31      36    1.714285714285709E-01    1.734826860053803E-01
      32       1    1.714285714285709E-01    1.718470139251341E-01
      32       2    1.714285714285709E-01    1.734826860053807E-01
      32       3    1.714285714285709E-01    1.718470139251342E-01
      32       4    1.714285714285709E-01    1.714194154709472E-01
      32       5    1.714285714285709E-01    1.720730664788907E-01
      32       6    1.714285714285709E-01    1.714194154709472E-01
      32       7    1.714285714285709E-01    1.714194154709475E-01
      32       8    1.714285714285709E-01    1.741647332190179E-01
      32       9    1.714285714285709E-01    1.714194154709475E-01
      32      10    1.714285714285709E-01    1.684144732434230E-01
      32      11    1.714285714285709E-01    1.678593868495264E-01
      32      12    1.714285714285709E-01    1.684144732434231E-01
      32      13    1.714285714285709E-01    1.720730664788910E-01
      32      14    1.714285714285709E-01    1.752899947309235E-01
      32      15    1.714285714285709E-01    1.720730664788910E-01
      32      16    1.714285714285709E-01    1.678593868495263E-01
      32      17    1.714285714285709E-01    1.666992478851117E-01
      32      18    1.714285714285709E-01    1.678593868495263E-01
      32      19    1.714285714285709E-01    1.714194154709475E-01
      32      20    1.714285714285709E-01    1.741647332190179E-01
      32      21    1.714285714285709E-01    1.714194154709475E-01
      32      22    1.714285714285709E-01    1.684144732434231E-01
      32      23    1.714285714285709E-01    1.678593868495264E-01
      32      24    1.714285714285709E-01    1.684144732434231E-01
      32      25    1.714285714285709E-01    1.718470139251342E-01
      32      26    1.714285714285709E-01    1.734826860053807E-01
      32      27    1.714285714285709E-01    1.718470139251341E-01
      32      28    1.714285714285709E-01    1.714194154709471E-01
      32      29    1.714285714285709E-01    1.720730664788907E-01
      32      30    1.714285714285709E-01    1.714194154709472E-01
      32      31    1.714285714285709E-01    1.734826860053803E-01
      32      32    2.500000000000000E-01    2.500000000000000E-01
      32      33    1.714285714285709E-01    1.734826860053803E-01
      32      34    1.714285714285709E-01    1.741647332190173E-01
      32      35    1.714285714285709E-01    1.752899947309229E-01
      32      36    1.714285714285709E-01    1.741647332190173E-01
      33       1    1.714285714285709E-01    1.714194154709472E-01
      33       2    1.714285714285709E-01    1.718470139251341E-01
      33       3    1.714285714285709E-01    1.734826860053807E-01
      33       4    1.714285714285709E-01    1.718470139251342E-01
      33       5    1.714285714285709E-01    1.714194154709472E-01
      33       6    1.714285714285709E-01    1.720730664788907E-01
      33       7    1.714285714285709E-01    1.684144732434231E-01
      33       8    1.714285714285709E-01    1.714194154709475E-01
      33       9    1.714285714285709E-01    1.741647332190179E-01
      33      10    1.714285714285709E-01    1.714194154709475E-01
      33      11    1.714285714285709E-01    1.684144732434230E-01
      33      12    1.714285714285709E-01    1.678593868495264E-01
      33      13    1.714285714285709E-01    1.678593868495263E-01
      33      14    1.714285714285709E-01    1.720730664788910E-01
      33      15    1.714285714285709E-01    1.752899947309235E-01
      33      16    1.714285714285709E-01    1.720730664788910E-01
      33      17    1.714285714285709E-01    1.678593868495263E-01
      33      18    1.714285714285709E-01    1.666992478851117E-01
      33      19    1.714285714285709E-01    1.684144732434231E-01
      33      20    1.714285714285709E-01    1.714194154709475E-01
      33      21    1.714285714285709E-01    1.741647332190179E-01
      33      22    1.714285714285709E-01    1.714194154709475E-01
      33      23    1.714285714285709E-01    1.684144732434231E-01
      33      24    1.714285714285709E-01    1.678593868495264E-01
      33      25    1.714285714285709E-01    1.714194154709472E-01
      33      26    1.714285714285709E-01    1.718470139251342E-01
      33      27    1.714285714285709E-01    1.734826860053807E-01
      33      28    1.714285714285709E-01    1.718470139251341E-01
      33      29    1.714285714285709E-01    1.714194154709471E-01
      33      30    1.714285714285709E-01    1.720730664788907E-01
      33      31    1.714285714285709E-01    1.741647332190173E-01
      33      32    1.714285714285709E-01    1.734826860053803E-01
      33      33    2.500000000000000E-01    2.500000000000000E-01
      33      34    1.714285714285709E-01    1.734826860053803E-01
      33      35    1.714285714285709E-01    1.741647332190173E-01
      33      36    1.714285714285709E-01    1.752899947309229E-01
      34       1    1.714285714285709E-01    1.720730664788907E-01
      34       2    1.714285714285709E-01    1.714194154709472E-01
      34       3    1.714285714285709E-01    1.718470139251341E-01
      34       4    1.714285714285709E-01    1.734826860053807E-01
      34       5    1.714285714285709E-01    1.718470139251342E-01
      34       6    1.714285714285709E-01    1.714194154709472E-01
      34       7    1.714285714285709E-01    1.678593868495264E-01
      34       8    1.714285714285709E-01    1.684144732434231E-01
      34       9    1.714285714285709E-01    1.714194154709475E-01
      34      10    1.714285714285709E-01    1.741647332190179E-01
      34      11    1.714285714285709E-01    1.714194154709475E-01
      34      12    1.714285714285709E-01    1.684144732434230E-01
      34      13    1.714285714285709E-01    1.666992478851117E-01
      34      14    1.714285714285709E-01    1.678593868495263E-01
      34      15    1.714285714285709E-01    1.720730664788910E-01
      34      16    1.714285714285709E-01    1.752899947309235E-01
      34      17    1.714285714285709E-01    1.720730664788910E-01
      34      18    1.714285714285709E-01    1.678593868495263E-01
      34      19    1.714285714285709E-01    1.678593868495264E-01
      34      20    1.714285714285709E-01    1.684144732434231E-01
      34      21    1.714285714285709E-01    1.714194154709475E-01
      34      22    1.714285714285709E-01    1.741647332190179E-01
      34      23    1.714285714285709E-01    1.714194154709475E-01
      34      24    1.714285714285709E-01    1.684144732434231E-01
      34      25    1.714285714285709E-01    1.720730664788907E-01
      34      26    1.714285714285709E-01    1.714194154709472E-01
      34      27    1.714285714285709E-01    1.718470139251342E-01
      34      28    1.714285714285709E-01    1.734826860053807E-01
      34      29    1.714285714285709E-01    1.718470139251341E-01
      34      30    1.714285714285709E-01    1.714194154709471E-01
      34      31    1.714285714285709E-01    1.752899947309229E-01
      34      32    1.714285714285709E-01    1.741647332190173E-01
      34      33    1.714285714285709E-01    1.734826860053803E-01
      34      34    2.500000000000000E-01    2.500000000000000E-01
      34      35    1.714285714285709E-01    1.734826860053803E-01
      34      36    1.714285714285709E-01    1.741647332190173E-01
      35       1    1.714285714285709E-01    1.714194154709472E-01
      35       2    1.714285714285709E-01    1.720730664788907E-01
      35       3    1.714285714285709E-01    1.714194154709472E-01
      35       4    1.714285714285709E-01    1.718470139251341E-01
      35       5    1.714285714285709E-01    1.734826860053807E-01
      35       6    1.714285714285709E-01    1.718470139251342E-01
      35       7    1.714285714285709E-01    1.684144732434230E-01
      35       8    1.714285714285709E-01    1.678593868495264E-01
      35       9    1.714285714285709E-01    1.684144732434231E-01
      35      10    1.714285714285709E-01    1.714194154709475E-01
      35      11    1.714285714285709E-01    1.741647332190179E-01
      35      12    1.714285714285709E-01    1.714194154709475E-01
      35      13    1.714285714285709E-01    1.678593868495263E-01
      35      14    1.714285714285709E-01    1.666992478851117E-01
      35      15    1.714285714285709E-01    1.678593868495263E-01
      35      16    1.714285714285709E-01    1.720730664788910E-01
      35      17    1.714285714285709E-01    1.752899947309235E-01
      35      18    1.714285714285709E-01    1.720730664788910E-01
      35      19    1.714285714285709E-01    1.684144732434231E-01
      35      20    1.714285714285709E-01    1.678593868495264E-01
      35      21    1.714285714285709E-01    1.684144732434231E-01
      35      22    1.714285714285709E-01    1.714194154709475E-01
      35      23    1.714285714285709E-01    1.741647332190179E-01
      35      24    1.714285714285709E-01    1.714194154709475E-01
      35      25    1.714285714285709E-01    1.714194154709471E-01
      35      26    1.714285714285709E-01    1.720730664788907E-01
      35      27    1.714285714285709E-01    1.714194154709472E-01
      35      28    1.714285714285709E-01    1.718470139251342E-01
      35      29    1.714285714285709E-01    1.734826860053807E-01
      35      30    1.714285714285709E-01    1.718470139251341E-01
      35      31    1.714285714285709E-01    1.741647332190173E-01
      35      32    1.714285714285709E-01    1.752899947309229E-01
      35      33    1.714285714285709E-01    1.741647332190173E-01
      35      34    1.714285714285709E-01    1.734826860053803E-01
      35      35    2.500000000000000E-01    2.500000000000000E-01
      35      36    1.714285714285709E-01    1.734826860053803E-01
      36       1    1.714285714285709E-01    1.718470139251342E-01
      36       2    1.714285714285709E-01    1.714194154709472E-01
      36       3    1.714285714285709E-01    1.720730664788907E-01
      36       4    1.714285714285709E-01    1.714194154709472E-01
      36       5    1.714285714285709E-01    1.718470139251341E-01
      36       6    1.714285714285709E-01    1.734826860053807E-01
      36       7    1.714285714285709E-01    1.714194154709475E-01
      36       8    1.714285714285709E-01    1.684144732434230E-01
      36       9    1.714285714285709E-01    1.678593868495264E-01
      36      10    1.714285714285709E-01    1.684144732434231E-01
      36      11    1.714285714285709E-01    1.714194154709475E-01
      36      12    1.714285714285709E-01    1.741647332190179E-01
      36      13    1.714285714285709E-01    1.720730664788910E-01
      36      14    1.714285714285709E-01    1.678593868495263E-01
      36      15    1.714285714285709E-01    1.666992478851117E-01
      36      16    1.714285714285709E-01    1.678593868495263E-01
      36      17    1.714285714285709E-01    1.720730664788910E-01
      36      18    1.714285714285709E-01    1.752899947309235E-01
      36      19    1.714285714285709E-01    1.714194154709475E-01
      36      20    1.714285714285709E-01    1.684144732434231E-01
      36      21    1.714285714285709E-01    1.678593868495264E-01
      36      22    1.714285714285709E-01    1.684144732434231E-01
      36      23    1.714285714285709E-01    1.714194154709475E-01
      36      24    1.714285714285709E-01    1.741647332190179E-01
      36      25    1.714285714285709E-01    1.718470139251341E-01
      36      26    1.714285714285709E-01    1.714194154709471E-01
      36      27    1.714285714285709E-01    1.720730664788907E-01
      36      28    1.714285714285709E-01    1.714194154709472E-01
      36      29    1.714285714285709E-01    1.718470139251342E-01
      36      30    1.714285714285709E-01    1.734826860053807E-01
      36      31    1.714285714285709E-01    1.734826860053803E-01
      36      32    1.714285714285709E-01    1.741647332190173E-01
      36      33    1.714285714285709E-01    1.752899947309229E-01
      36      34    1.714285714285709E-01    1.741647332190173E-01
      36      35    1.714285714285709E-01    1.734826860053803E-01
      36      36    2.500000000000000E-01    2.500000000000000E-01
